Resumo da Análise do Vídeo
Total de frames analisados: 3326
Número de anomalias detectadas: 378
Emoções detectadas:
  sad: 137 vezes
  fear: 200 vezes
  happy: 554 vezes
  angry: 22 vezes
  neutral: 405 vezes
  surprise: 93 vezes

Frames com anomalias:
1, 12, 15, 16, 17, 21, 22, 23, 41, 43, 46, 47, 50, 52, 58, 62, 64, 72, 92, 102, 103, 105, 108, 149, 153, 154, 180, 181, 182, 183, 184, 185, 186, 188, 189, 190, 191, 192, 193, 194, 195, 196, 197, 199, 200, 201, 204, 207, 208, 209, 210, 211, 212, 213, 215, 218, 219, 220, 221, 222, 223, 224, 225, 226, 227, 228, 229, 230, 232, 235, 240, 241, 242, 244, 245, 246, 247, 248, 253, 260, 261, 263, 266, 267, 268, 269, 270, 272, 273, 274, 276, 277, 278, 279, 280, 284, 285, 287, 291, 294, 296, 297, 298, 302, 309, 320, 326, 334, 339, 340, 342, 344, 346, 352, 357, 359, 555, 556, 557, 558, 559, 560, 561, 562, 563, 564, 565, 599, 631, 664, 665, 666, 667, 668, 669, 670, 672, 673, 674, 675, 676, 677, 678, 720, 721, 900, 901, 902, 904, 905, 906, 907, 908, 910, 911, 912, 913, 915, 917, 918, 920, 921, 922, 928, 930, 932, 950, 957, 960, 962, 963, 964, 965, 966, 971, 978, 987, 988, 995, 1011, 1012, 1260, 1261, 1262, 1263, 1264, 1265, 1266, 1267, 1268, 1269, 1270, 1271, 1272, 1273, 1274, 1275, 1276, 1277, 1278, 1282, 1283, 1286, 1287, 1288, 1290, 1292, 1293, 1294, 1295, 1296, 1297, 1298, 1299, 1300, 1302, 1303, 1304, 1306, 1307, 1308, 1311, 1312, 1313, 1319, 1320, 1321, 1323, 1324, 1325, 1326, 1328, 1329, 1330, 1331, 1332, 1334, 1335, 1336, 1337, 1338, 1339, 1341, 1342, 1344, 1346, 1347, 1348, 1349, 1352, 1353, 1355, 1356, 1358, 1359, 1362, 1363, 1367, 1371, 1372, 1373, 1375, 1378, 1382, 1383, 1385, 1388, 1389, 1392, 1393, 1394, 1395, 1396, 1397, 1398, 1400, 1401, 1402, 1403, 1405, 1408, 1412, 1418, 1429, 1433, 1434, 1435, 1436, 1437, 1438, 1439, 1440, 1441, 1442, 1443, 1444, 1445, 1446, 1450, 1451, 1452, 1453, 1454, 1455, 1456, 1457, 1459, 1462, 1464, 1470, 1472, 1477, 1489, 1490, 1493, 1494, 1501, 1503, 1505, 1507, 1508, 1509, 1510, 1513, 1515, 1516, 1517, 1518, 1519, 1521, 1523, 1527, 1529, 1531, 1549, 1562, 1575, 1608, 1620, 1621, 1622, 1623, 1624, 1625, 1626, 1628, 1629, 1632, 1635, 1638, 1649, 1654, 1667, 1677, 1697, 1783, 1837, 1838, 1840, 1845, 1846, 1851, 1852, 1858, 1859, 1860, 1861, 1862, 1863, 1865, 1867, 2490, 2676, 3145, 3301, 3302, 3307, 3311